$ANSIBLE_VAULT;1.1;AES256
37396166343238646364653766386132333265363830656131393431643463323265323239303835
6132653866653437663866636634663965306635656265650a346362643738623662313164626234
33313664663731613434306431343165353064613135653465653763353364366266633562333962
6132653961636133380a386564656334336665383734653639386432663763386561396561316361
61633430373134366538303838366130346261666263343863376463633038346363306131633466
35323133626239396131356165653539376462633030313439646535323037663733393733393133
32326635366233343334323261396566643366613162383432636135613139373462613064366261
39383763306463363164353765333261633333336638663632626539383463663830373732346537
65356638643533323766643834343664393432383762363931366262626465393331326336643964
30356263616463326266366533373033656636376664343139653165626132636564353432636133
61643230646664383366373134636366663138303539316661316333356164656538653038613837
31663963326132383438613635366336616530646263353837386435613131336533323536343234
34646136343636646532613436613737366136636335653264623332653366303039666364313134
32353336613839393834303334616663356566306262316536303238306363383131313231383636
31326238643137393534386334386462663831303138366139613838636536303333383337323561
32353035373738633731666164363632353333386561333833333233343161313139616664613166
37326139303331636333643463616562643838666537626138653839656632303661396135376335
36653665363339396563653165353061663237393630333361666337346433383866313865663738
39663237623565353365656232303462313432303661393033343235616436353837313231316637
64373535353335636635653665366636346235313634626537653436666438656535383634616336
64663030346465373637666135376361643165646338336266313330643631643566663138316130
37393539363966393231303836646438366435396536353736373135656166393136326335376437
34643564303065663362623765306363643762356664393439623234323638303531626433316130
34303139303834316539656436633065383739383762376139616465636631373931303066366338
64623537636138316137616430663037333837356631343761313365333635626665653734363061
65313931666665346330343135623937643437333732383565633630386630653837343431363838
37653662653139663566393937323431323830666464646366306531353435393936333738656462
30613661613935623936616263633564396433363030663764386462363433343361313261613332
64366530303461313231373137306565323662663361623833616538366666643730663465396634
32373762616163353536646533396364316634393838653837313639616663353831313532383133
33396362633531306164343162343539643637616366306633303433323839656231383937313534
63376238343238396534656135636466336436633535376539333235643130353635666334336435
30373435373133633432646632356462623933303562373136633837363738306663663233363466
39626366323135633932663931306261373765383232316161306631663537373465313066313034
61303765656138623736626464373731623532366330313564343631313662313064306265626437
64656563313837326538373436313639623038333734656233653738376333313036303965653463
63383735363738663061646436313562336666396331323438346531346162636439323633343534
31363037373961663036346439316433633036363539653837333664383336633236386537313736
62616266343632316236663361636563626137363232373030383139383564663865323365363862
39336333623433346165663435316632363536323536623438383030656131303038333538316330
61386265663332316436386262373866343330623364663133666539333531333235353033323364
33326661363163336539616635396661643838326637373263626662356566356630306534333466
63313837653436303334623532386539356336613461313135383739633961346333363433393162
36626236623161376363616135656138363263376630633135633238653164343865636566323464
34343164386463313237303563623363396565356632613835393433623433373464316534333633
35303032303730633737343463633837366165316439336562373933633535663134396363666130
63363836653566373933346264616162633664623238643438653838666630663262366165343565
33333230356362363732326137303438383734643030306435633137306166643564653830366661
39323133343366643962616262303663323566373432373861313330366439353631623266656339
32303738326533613761323964346461613962373032616637663732386666333638663031343932
66656434653435633936333333383462613631346137313164313236626332663261336564356634
36613231323464663162663339666264363839626636383930663630326437303432613139316533
62396264366563383636636465323165616131376437313530353735356663663532333939363931
39613461363133613531353666393332646638373130323165336539303164663638333030643635
34623065623830333561636463383563363639383131613661303839623839306233336566636266
30633130323063333733323462663734353031613666623262303361623536393463333966376539
65323764626266333463396337313166306464326230383962343731323363633863653534636463
64613230336563613839373766316231373233386164336336376434623733316439376438646464
66313164373133366630303366343434366363643932343466656134313864356466646139306563
63613663653364313131373534363664346330313836343530373465303866636630666164393937
30333563383234393061353331386464623732326438343337393434313063366536656136656330
64353865643431616531306265303531333832396262333133376138313938363661363339333138
61666334653065333837623036323863343065396663393839643035313230303839326432353436
30623831626463353966396231646238643736333337623838333530613434323634323462346239
37313866333563613039306336356561346332373836613639363762656638663735623034366662
39613637366466326661623332363232613061373734336432323533366434353461373335653837
34343938376231343938616362386636353965313234333365303864366432343836653434363536
63636234393134396339326565323263386233636561626532373036343466333063326435633138
30353730636566336363613836653331356332616439313736663935323931303739326164303164
39343166366238666136303561653161303762303862386432383734666363623131653861313338
38663863323765383934613835306239373139393532653537666131383064666530626637646437
64393166366665326233323138313235333038643330333631393738393166383662616439313661
39336339313935316363313238666235343939306134363764373265336633333965646239313437
39636265366539306239336138396335326233633064376434653535643131666537313562323238
36346435643935643130613437373131666465363666623934303238656663663731383135363939
61353332376330396432313532313730646336373461626233663930386432383830633132616164
30626637326237343764383334633065323632653463363565303833626132376139323861326163
39333461616162616431663734383965663835646230643433326663323665633432343234343030
35393537646461626235346432323630386566666132636537336462353964333639376263616162
35363937626431663431346434323364646433656635316561613866393135313937373266333839
61383764393531656263643436623865343161643035393666373366326230323662653530323930
66643064663132343532383163353962323437366663326139356162646366623534373761356139
39636566666532656439616361393333393937306362653531633233616461303864616338353732
37353532613063336233313463366236353435613730363639373238383331643136386336303061
38346162323261633964643431326338393761346334653365623466326364633833623138346461
36646335623165353430313736386364626434343138336231363130356665623136636331636163
65376139663163323135646138353239306163386261336431326661363565336139303565613535
65633833363830316565356234393964653761366462376165656231383233336339663261376665
33383864313231643139653833356232383131333362613263386131633863656266363737613136
37343034373966633338396337363364336461346336663139636262353535633761646136633932
64393531653464616134656365393861303630316230613161353732613266343462616661356438
63323535356361336534623334373633336334376136633135303135363932356665386539383738
33393662663364333737623164313561393664636630386265633638386533373736343036613965
36393163316230626166316436663963353762303266643038366234623336653831633539303538
39613134366537376139613134353762333763303433613037323937363739643734336334393531
61643732613530623663643233376264353464643565366330316332303839346334393734636337
34343431626231663335303733343564376532326231376566613230663038306663346562353764
30666539666134353130636662633566653938656339616263346539663465306135363363363062
63663932613732633463356532333630393438363163366333646661373865633936386539353564
39333237626632636433373634623363323032636134396430373435306530613637383233613263
61663831373734373166316566663132653533353338373634323433666633346135303862346138
66333234636533323565316531393937636333633932346336396234303365623039306463383530
62613833313166653166363961373338666233643832366431343735363833646663326233653166
34323739396462326530633966613861626234626133626534326265613534616130356165313832
66646363343462353231613339376362336266313964643831386535626266643532613164333435
61633165383038333365386235366433353636343139356537326630623336386261343464343634
65353761646633303561383931643562306363356433343439643934323565383732333466336133
61393163653934396565383832356338623333663339633430353266303736353935633166666439
61383532663039626363353735316361336531353437363730643632613830633736616435376430
61366238636432643831356239383235643563643461623035643263386137616662653533383032
62356130393139653839636565646433386363373330316163386631393932623764346433393066
35333339623838336134326532353937316434333563326665363765626632636433356131343836
61326534653336653062353437666633663330623836393861646461326339353438643732353636
31303563643830313766343637356532333465633331313633623465623935386634306638653130
62383466346265346537313137303437333535326532366666633332633833646333393363303331
37396164656462303432643361646661343963663734383632643030613266333137343031663261
37306139336161623134613834626634633637636662643439343963613132393161313732636432
61393134613132316139396636663335326434646330663862343736653361663631356430363464
63303665386665313737646234366264646163323533343863386335363631613235373564343537
30313132303333633233326136623139303836386666663339363532353839376533346236663933
34353864333336666433393638336565376264353864646462376439383537336431623262346336
62373039373531343236633135383732303531346431333263636336303230613535303736303638
39373762343066323666333364396235346234343133636432643165623431393435373837386639
31313239313338663530326335323866663431323463303336633731376234636434633136353033
63373865396135343633333434303631656664636235626336643635353232383264386531653265
36356366653431316634636265356239653631366564353064626433356232616365303237656261
36333731373634636339313066326465636335663466323834663365656631663538396636616530
63623465303333633637306663346131356165313963306661303163313932306666623337386330
31353161653735353734393831316335303132653565643737353832323661333734383962363864
31326264373534626135353131653030653633663464343834396264383365396131633836633465
32313331363138303734633936623038383563613435646532616665666566383065383862366238
61323564323962306138663763373138363435613933633239383862336363626466323664376638
35383534646132326437363830356439343439386539333539353865613964666136393537653233
33656663643936316130303262646436613261646463366136383862376264636138306231623635
39626138356430363564366362303033313664653661336530313265633461383164323032376431
38363565366535383934623539646138643566653264366437613334386538383734663133626665
63326439353830653135376237646635316338303364646133666334353334633263383265356163
39623937303833633331393831396166666164613730373535396463316663313438393031313338
30346565343462336330356334316664663339313962306430636336386364643563383335306134
35343663366634373862303935636534353439323963656362663838386464333534316333363664
66323938653737356261383934356236333461653561316437613666363531616338393564326165
38356532376236326232646363666461393262346235343563336261346234363462316433386234
66343931393438643065646334303532633132383862313832363337633539623932643539373831
35326632313539373865626239376561356261643337353365613431393466306134343239656666
66373565663564316135656634356533323438343565646635613031613531663931386236323235
66633439313063316336353361316230643033353861393830356139346631363166666634323366
39623534343366636333336433613534376639633036633837653961383633393237623761363662
34613735323534306238316161333131313939616432353638363339333161356364623663376635
39343638653933363764633364616234303535633263363433356632313535373564616361653933
37643738333365653037373766333537366137386433336465353438633730346565646237366666
61353831373833616438613463363736376663656138613237613936386333396462383632313636
32386436663865383635646538363132656562366366613133356237313166623233666561363239
33323064393665333737363463663361633264306266393536613136393866386530306435396265
62363734383063353439663232343462366536363661653236343963383134326230666365363863
63333933346131613338356465373763306631393266343438363834373639316531656665343461
32366431633566363737383831333030323866666235333964386337636532396366366333663635
36636538646535333130316139393336633034616232386131613666303434383930653237323765
32386566383562336462663937626135363438326665633331316331333762623930333430653964
66356438346131396165383635373963633963336438396161356666333163383261346463393466
61613935383736333365333132613130663433343436363566383762393034383738353366356135
64386131346532363734653130646330326239643932656462373061633638643237626661326337
34356531633634613963653465643137393233663338336437373063333464636635313964346364
30373261623935393835373538343264313739376463336466376332386138323235353838616361
39346433316266326366366565383063343362306539613130626534393232616635383835613466
63613436633735633438646337633634393031666637326439363365333962646238656262356235
6432373339323363666561643138633631383866653365373336
